1.0 0 0
2.0 0 0
3.0 9 0.00622407
4.0 10 0.0131397
5.0 8 0.0186722
6.0 9 0.0248963
7.0 8 0.0304288
8.0 15 0.0408022
9.0 20 0.0546335
10.0 19 0.0677732
11.0 19 0.0809129
12.0 24 0.0975104
13.0 22 0.112725
14.0 26 0.130705
15.0 30 0.151452
16.0 20 0.165284
17.0 19 0.178423
18.0 20 0.192254
19.0 22 0.207469
20.0 25 0.224758
21.0 24 0.241355
22.0 24 0.257953
23.0 26 0.275934
24.0 29 0.295989
25.0 20 0.30982
26.0 14 0.319502
27.0 21 0.334025
28.0 16 0.34509
29.0 19 0.35823
30.0 16 0.369295
31.0 22 0.384509
32.0 23 0.400415
33.0 16 0.41148
34.0 21 0.426003
35.0 17 0.437759
36.0 12 0.446058
37.0 28 0.465422
38.0 18 0.47787
39.0 19 0.49101
40.0 20 0.504841
41.0 20 0.518672
42.0 14 0.528354
43.0 21 0.542877
44.0 18 0.555325
45.0 14 0.565007
46.0 18 0.577455
47.0 20 0.591286
48.0 16 0.602351
49.0 8 0.607884
50.0 8 0.613416
51.0 8 0.618949
52.0 8 0.624481
53.0 4 0.627248
54.0 6 0.631397
55.0 7 0.636238
56.0 5 0.639696
57.0 8 0.645228
58.0 9 0.651452
59.0 6 0.655602
60.0 4 0.658368
61.0 3 0.660443
62.0 8 0.665975
63.0 8 0.671508
64.0 3 0.673582
65.0 14 0.683264
66.0 10 0.69018
67.0 12 0.698479
68.0 3 0.700553
69.0 2 0.701936
70.0 9 0.70816
71.0 9 0.714385
72.0 6 0.718534
73.0 7 0.723375
74.0 8 0.728907
75.0 7 0.733748
76.0 6 0.737898
77.0 3 0.739972
78.0 2 0.741355
79.0 4 0.744122
80.0 5 0.74758
81.0 4 0.750346
82.0 3 0.75242
83.0 4 0.755187
84.0 7 0.760028
85.0 6 0.764177
86.0 6 0.768326
87.0 4 0.771093
88.0 5 0.77455
89.0 5 0.778008
90.0 7 0.782849
91.0 7 0.78769
92.0 2 0.789073
93.0 5 0.792531
94.0 4 0.795297
95.0 6 0.799447
96.0 7 0.804288
97.0 7 0.809129
98.0 4 0.811895
99.0 4 0.814661
100.0 6 0.818811
101.0 2 0.820194
102.0 6 0.824343
103.0 3 0.826418
104.0 1 0.827109
105.0 5 0.830567
106.0 3 0.832642
107.0 0 0.832642
108.0 1 0.833333
109.0 7 0.838174
110.0 2 0.839557
111.0 6 0.843707
112.0 5 0.847165
113.0 2 0.848548
114.0 3 0.850622
115.0 3 0.852697
116.0 3 0.854772
117.0 3 0.856846
118.0 3 0.858921
119.0 1 0.859613
120.0 4 0.862379
121.0 2 0.863762
122.0 5 0.86722
123.0 3 0.869295
124.0 8 0.874827
125.0 2 0.87621
126.0 1 0.876902
127.0 3 0.878976
128.0 7 0.883817
129.0 1 0.884509
130.0 2 0.885892
131.0 2 0.887275
132.0 3 0.88935
133.0 1 0.890041
134.0 3 0.892116
135.0 1 0.892808
136.0 2 0.894191
137.0 2 0.895574
138.0 0 0.895574
139.0 1 0.896266
140.0 3 0.89834
141.0 1 0.899032
142.0 4 0.901798
143.0 3 0.903873
144.0 3 0.905947
145.0 4 0.908714
146.0 2 0.910097
147.0 2 0.91148
148.0 2 0.912863
149.0 3 0.914938
150.0 5 0.918396
151.0 3 0.92047
152.0 1 0.921162
153.0 1 0.921853
154.0 1 0.922545
155.0 1 0.923237
156.0 2 0.92462
157.0 4 0.927386
158.0 1 0.928077
159.0 3 0.930152
160.0 2 0.931535
161.0 4 0.934302
162.0 4 0.937068
163.0 1 0.937759
164.0 2 0.939142
165.0 0 0.939142
166.0 3 0.941217
167.0 4 0.943983
168.0 2 0.945367
169.0 3 0.947441
170.0 3 0.949516
171.0 1 0.950207
172.0 4 0.952974
173.0 2 0.954357
174.0 1 0.955048
175.0 1 0.95574
176.0 1 0.956432
177.0 2 0.957815
178.0 3 0.959889
179.0 4 0.962656
180.0 3 0.96473
181.0 2 0.966113
182.0 2 0.967497
183.0 4 0.970263
184.0 4 0.973029
185.0 0 0.973029
186.0 3 0.975104
187.0 5 0.978562
188.0 2 0.979945
189.0 3 0.982019
190.0 5 0.985477
191.0 4 0.988243
192.0 0 0.988243
193.0 3 0.990318
194.0 5 0.993776
195.0 0 0.993776
196.0 1 0.994467
197.0 1 0.995159
198.0 0 0.995159
199.0 1 0.995851
200.0 1 0.996542
201.0 0 0.996542
202.0 2 0.997925
203.0 0 0.997925
204.0 0 0.997925
205.0 0 0.997925
206.0 0 0.997925
207.0 0 0.997925
208.0 1 0.998617
209.0 0 0.998617
210.0 1 0.999308
211.0 0 0.999308
212.0 0 0.999308
213.0 0 0.999308
214.0 0 0.999308
215.0 0 0.999308
216.0 0 0.999308
217.0 0 0.999308
218.0 0 0.999308
219.0 0 0.999308
220.0 0 0.999308
221.0 0 0.999308
222.0 0 0.999308
223.0 0 0.999308
224.0 0 0.999308
225.0 0 0.999308
226.0 0 0.999308
227.0 0 0.999308
228.0 0 0.999308
229.0 0 0.999308
230.0 0 0.999308
231.0 0 0.999308
232.0 0 0.999308
233.0 0 0.999308
234.0 0 0.999308
235.0 0 0.999308
236.0 0 0.999308
237.0 0 0.999308
238.0 0 0.999308
239.0 0 0.999308
240.0 0 0.999308
241.0 0 0.999308
242.0 0 0.999308
243.0 0 0.999308
244.0 0 0.999308
245.0 0 0.999308
246.0 0 0.999308
247.0 0 0.999308
248.0 0 0.999308
249.0 0 0.999308
250.0 0 0.999308
251.0 0 0.999308
252.0 0 0.999308
253.0 0 0.999308
254.0 1 1
