1e-06 11 5.83155e-06
2e-06 432 0.000229021
3e-06 2001 0.00106081
4e-06 5381 0.00285269
5e-06 8872 0.00470341
6e-06 10534 0.00558451
7e-06 11135 0.00590312
8e-06 12327 0.00653505
9e-06 19621 0.0104019
1e-05 30948 0.0164068
1.1e-05 42574 0.0225702
1.2e-05 59162 0.0313642
1.3e-05 80391 0.0426186
1.4e-05 95347 0.0505474
1.5e-05 101321 0.0537144
1.6e-05 104086 0.0551803
1.7e-05 107238 0.0568513
1.8e-05 114220 0.0605527
1.9e-05 126732 0.0671859
2e-05 147632 0.0782658
2.1e-05 180224 0.0955442
2.2e-05 219678 0.11646
2.3e-05 270304 0.143299
2.4e-05 337336 0.178836
2.5e-05 417354 0.221257
2.6e-05 499252 0.264674
2.7e-05 586479 0.310917
2.8e-05 684495 0.362879
2.9e-05 785563 0.416459
3e-05 885006 0.469178
3.1e-05 980882 0.520006
3.2e-05 1074679 0.569732
3.3e-05 1175110 0.622974
3.4e-05 1287984 0.682813
3.5e-05 1411461 0.748274
3.6e-05 1535162 0.813853
3.7e-05 1640750 0.869829
3.8e-05 1716344 0.909905
3.9e-05 1763986 0.935162
4e-05 1793369 0.950739
4.1e-05 1811900 0.960563
4.2e-05 1824321 0.967148
4.3e-05 1833258 0.971886
4.4e-05 1840326 0.975633
4.5e-05 1846438 0.978873
4.6e-05 1852028 0.981836
4.7e-05 1857764 0.984877
4.8e-05 1863759 0.988055
4.9e-05 1870648 0.991708
5e-05 1878423 0.995829
5.1e-05 1886290 1
