1.7 210 0.152064
3.4 161 0.268646
5.1 135 0.366401
6.8 104 0.441709
8.5 87 0.504707
10.2 71 0.556119
11.9 75 0.610427
13.6 53 0.648805
15.3 50 0.685011
17 47 0.719044
18.7 38 0.74656
20.4 25 0.764663
22.1 22 0.780594
23.8 31 0.803041
25.5 21 0.818248
27.2 13 0.827661
28.9 16 0.839247
30.6 18 0.852281
32.3 15 0.863143
34 0 0.878349
35.7 16 0.889935
37.4 10 0.897176
39.1 6 0.901521
40.8 8 0.907314
42.5 11 0.915279
44.2 10 0.92252
45.9 9 0.929037
47.6 7 0.934106
49.3 6 0.93845
51 3 0.940623
52.7 7 0.945692
54.4 5 0.949312
56.1 3 0.951484
57.8 5 0.955105
59.5 0 0.955105
61.2 3 0.957277
62.9 4 0.960174
64.6 6 0.964518
66.3 3 0.966691
68 4 0.969587
69.7 3 0.97176
71.4 2 0.973208
73.1 1 0.973932
74.8 1 0.974656
76.5 2 0.976104
78.2 1 0.976828
79.9 3 0.979001
81.6 1 0.979725
83.3 4 0.982621
85 1 0.983345
86.7 0 0.983345
88.4 2 0.984794
90.1 1 0.985518
91.8 1 0.986242
93.5 3 0.988414
95.2 0 0.988414
96.9 1 0.989138
98.6 2 0.990587
100.3 1 0.991311
102 0 0.991311
103.7 1 0.992035
105.4 0 0.992035
107.1 0 0.992035
108.8 0 0.992035
110.5 0 0.992035
112.2 0 0.992035
113.9 1 0.992759
115.6 0 0.992759
117.3 1 0.993483
119 0 0.993483
120.7 2 0.994931
122.4 0 0.994931
124.1 0 0.994931
125.8 0 0.994931
127.5 0 0.994931
129.2 0 0.994931
130.9 0 0.994931
132.6 0 0.994931
134.3 0 0.994931
136 0 0.994931
137.7 0 0.994931
139.4 0 0.994931
141.1 1 0.995655
142.8 0 0.995655
144.5 0 0.995655
146.2 0 0.995655
147.9 0 0.995655
149.6 1 0.996379
151.3 1 0.997104
153 0 0.997104
154.7 0 0.997104
156.4 0 0.997104
158.1 0 0.997104
159.8 0 0.997104
161.5 0 0.997104
163.2 2 0.998552
164.9 0 0.998552
166.6 0 0.998552
168.3 0 0.998552
170 0 0.998552
171.7 1 0.999276
173.4 0 0.999276
175.1 0 0.999276
176.8 0 0.999276
178.5 0 0.999276
180.2 0 0.999276
181.9 0 0.999276
183.6 0 0.999276
185.3 0 0.999276
187 0 0.999276
188.7 0 0.999276
190.4 0 0.999276
192.1 0 0.999276
193.8 0 0.999276
195.5 0 0.999276
197.2 0 0.999276
198.9 0 0.999276
200.6 0 0.999276
202.3 0 0.999276
204 0 0.999276
205.7 0 0.999276
207.4 0 0.999276
209.1 0 0.999276
210.8 0 0.999276
212.5 0 0.999276
214.2 0 0.999276
215.9 0 0.999276
217.6 0 0.999276
219.3 0 0.999276
221 0 0.999276
222.7 0 0.999276
224.4 0 0.999276
226.1 0 0.999276
227.8 0 0.999276
229.5 0 0.999276
231.2 0 0.999276
232.9 0 0.999276
234.6 0 0.999276
236.3 0 0.999276
238 0 0.999276
239.7 0 0.999276
241.4 0 0.999276
243.1 0 0.999276
244.8 0 0.999276
246.5 0 0.999276
248.2 0 0.999276
249.9 0 0.999276
251.6 0 0.999276
253.3 0 0.999276
255 0 0.999276
256.7 0 0.999276
258.4 0 0.999276
260.1 0 0.999276
261.8 0 0.999276
263.5 0 0.999276
265.2 0 0.999276
266.9 0 0.999276
268.6 0 0.999276
270.3 0 0.999276
272 0 0.999276
273.7 0 0.999276
275.4 0 0.999276
277.1 0 0.999276
278.8 0 0.999276
280.5 0 0.999276
282.2 0 0.999276
283.9 0 0.999276
285.6 0 0.999276
287.3 0 0.999276
289 0 0.999276
290.7 0 0.999276
292.4 0 0.999276
294.1 0 0.999276
295.8 0 0.999276
297.5 0 0.999276
299.2 0 0.999276
300.9 1 1
